35.70126107    65.09400000    42.58354772    47.12480000    2.30757000
23.29800000    62.90370000    66.56860600    53.85503000    21.06835090
75.22800000    88.30290000    43.17577440    64.40538000    18.42000000
68.63500000    2.65999906    36.86549900    99.13315010    96.08600000
59.66646700    73.70729590    92.01180000    70.74417920    45.16988500
71.95462900    41.80622651    52.71600000    82.20062601    93.33000000
87.01322340    32.62562314    74.62200000    46.67658708    33.81244000
90.84002400    41.54039400    73.85984127    75.24770000    65.19820000
75.22806778    56.86449900    51.70400000    72.07354000    25.23077935
88.11600000    22.00200000    13.36174300    8.70475010    89.86675000
99.33300000    11.30475998    62.93505833    22.30920059    76.63416700
55.42538820    36.94618760    98.67100000    47.67771000    55.61348200
20.69190000    55.63356525    49.72151000    98.88000000    41.26680000
9.69696200    62.20169440    56.15699000    23.93050500    88.96553000
98.96870000    34.11369400    33.71187500    22.18438200    52.60990396
51.33200000    15.87444000    4.01096240    7.92929000    38.01500000
58.63467700    56.37500000    59.13200000    59.39088120    92.80770000
6.64255006    91.20557000    21.50215763    17.49700000    94.85323910
53.97336677    82.38300000    96.40113500    0.40003000    45.43800000
6.46800000    71.95383500    75.50860000    21.98850000    62.48200000
75.73250165    49.82583080    12.03017228    62.25690110    39.85360000
53.87857000    57.94144000    98.55007390    37.40836200    78.69800000
65.65223400    92.92645000    8.83886000    7.92951300    31.40800000
75.56962770    22.14542300    40.93800000    48.01060000    87.25038470
34.25793000    68.93400000    97.26234000    54.05486840    15.33578980
46.55400000    64.16556000    78.20313590    21.95203407    35.75440850
94.31435000    31.75700000    36.27569000    14.92233676    77.51551032
96.64800000    95.25513000    21.64222004    29.59660000    52.84335850
65.63691057    40.10163770    6.86730000    15.39399351    47.54652131
49.94560120    9.01718000    7.46800000    62.63160000    32.78411730
80.97331000    45.61300000    44.47659260    21.43143720    40.23600000
34.63100000    44.00292960    1.49977340    89.25668000    47.35660000
46.97110000    27.42195080    61.81369000    87.10644668    0.82809593
34.26685150    28.91418000    56.33079440    65.22502400    78.29780150
78.31210200    71.52166540    39.17709000    52.35441400    57.11380530
48.47600000    4.28143685    32.17702832    40.36080000    9.59332170
49.71110000    6.15800193    49.60793190    95.38224400    67.59033000
48.90751100    29.14372000    32.42981094    4.56423018    62.99540000
29.15390000    1.76216800    54.09022390    1.37020000    16.28494883
3.79370000    85.06670000    9.16458000    1.99045046    16.27434270
39.52405000    98.75118292    25.08417120    96.79370400    13.77726000
62.73900000    67.70300000    54.09930000    78.69260000    42.67140158
20.31970000    75.76935242    77.41030000    81.67275530    41.97071000
39.41600000    27.72674200    50.95400000    68.80260000    27.93240400
48.99341670    74.87700900    90.28530000    80.38620000    99.22040000
63.06506740    69.40410000    24.57527000    13.93705900    30.98464024
67.21904000    8.42662189    25.33752000    73.27959870    73.25670000
53.33895500    97.96828000    76.60183568    89.39028100    37.52249000
28.02300000    15.28824579    4.85258000    8.25858350    67.63754613
23.98800350    88.93000000    60.98040000    73.34353100    30.58976800
55.37514400    18.01355000    21.48788900    54.55775770    73.53451400
65.28008000    54.83300000    99.83081270    90.74407900    43.67430000
60.30122430    85.19341000    37.78626100    52.81670400    87.94650000
97.68353543    88.52121000    22.87798531    8.41124061    11.35200000
30.22600000    68.90610000    37.75400500    34.87708000    45.60157527
2.93353700    69.26634690    50.45341000    64.10600000    75.32404000
28.29383000    36.01007030    7.89197066    2.16350441    42.45030000
50.61023270    77.58335000    36.49808000    45.14154000    46.23257842
1.25005400    1.81866050    53.31295000    96.75128900    62.57651550
77.62751000    66.10485000    88.34690000    6.91710000    35.42339381
97.51400000    57.32400000    29.50775983    57.47814368    16.65769500
18.59455000    25.64930000    80.94900000    31.28848830    78.00082710
36.94500000    21.14638410    74.39213000    11.79622800    1.28443200
96.19800000    72.21842000    5.76900000    50.84605000    96.63600000
25.80470000    48.99046100    84.83643200    2.95061278    86.33501200
5.21154000    93.54262000    37.60818000    68.31900000    86.78071072
6.86204230    77.20945243    8.56119931    79.79940000    1.84690000
81.73920000    28.77651000    42.26874300    5.99990000    17.16277810
88.04019366    83.25870000    14.61635608    2.56458977    4.57122732
26.91600000    8.07290000    49.20725900    76.23724000    10.49081700
0.82705570    75.34900000    48.21830000    59.54815130    82.44953188
10.06400000    39.55141880    21.44268000    87.05900000    88.04831510
99.34686131    18.96248000    29.92779389    37.14081000    25.56080300
22.71940000    6.87303450    79.81140000    63.51609000    32.38000000
19.37200000    57.83670000    52.27264000    57.64290000    94.55300000
5.73233000    25.74297200    45.58755000    48.48382300    65.25012798
28.75100000    32.32041100    2.70250000    59.65700000    35.62484922
57.39400000    88.29350000    41.89111000    53.05791000    80.69829620
71.66598000    4.96260044    62.03645947    91.39100000    0.95276000
21.75010000    12.76200000    57.64640000    72.20913800    38.80031946
6.54185000    28.29700000    85.95580000    47.00680400    70.86366617
42.86491000    76.98778414    18.15550000    5.99490000    37.27300000
87.58751169    92.66359500    35.22271090    26.73000000    98.03849800
1.06510000    56.75805500    59.34300000    61.58385000    22.79252000
27.83240000    71.88000000    61.62000000    58.13560000    73.87500000
96.13649900    31.57090000    52.07103000    39.04815000    74.16040000
47.30424000    22.77030338    26.31550000    14.37160000    36.74063000
54.65100000    87.72784619    74.30709690    0.17730538    10.88760200
34.35686000    88.32768000    96.28941117    45.05926000    33.64283980
31.94650000    21.76951000    82.47159000    17.40000000    9.71353000
92.94430000    5.29233000    21.17750619    48.04855320    36.71242000
77.54805800    69.80791530    35.36304000    59.68602100    5.95100000
62.11280000    67.46274400    8.58353100    21.29922000    69.70571200
56.52100000    73.45276100    31.33553000    15.59327000    64.14806400
78.63500000    46.29263000    42.49100000    63.17941900    37.31900000
10.48190000    3.95315900    88.01803900    42.08300000    42.36050000
36.51201300    91.28160000    18.86830000    24.03882697    89.35490000
16.51701000    38.49180000    47.34065700    98.14763000    47.43935280
48.11600000    26.31350000    85.56721900    54.24309840    0.68408000
80.54600000    15.17100000    19.70518000    33.79627000    99.71657000
