# asdf 
# Tue Apr 29 13:20:21 PDT 2014
# asdf
24.875  35.930  24.560  21.426  11.514
32.693  15.647  29.169  10.707  22.019
25.835  29.689  25.881  13.253  25.821
34.595  24.164  14.677  31.658  25.348
28.568  15.759  32.546  11.559  35.658
32.106  18.204  26.869  34.221  29.576
25.625  12.062  18.498  25.934  18.225
29.113  30.323  29.028  27.550  35.632
27.470  16.969  36.083  16.229  23.664
33.737  32.310  18.683  16.500  34.730
29.334  34.012  14.413  14.356  32.283
16.371  32.500  15.352  20.169  28.745
12.990  14.032  17.667  15.026  20.395
33.028  26.294  28.765  21.869  15.391
26.234  14.001  13.211  23.075  12.839
13.199  19.308  31.463  14.020  36.190
17.529  14.702  35.828  18.183  23.603
16.158  11.378  23.103  31.441  31.244
24.133  11.845  27.464  31.793  26.222
28.033  19.761  15.718  34.992  16.019
22.154  11.675  18.475  31.558  24.064
33.965  24.058  23.218  33.036  18.619
12.126  25.582  13.303  35.956  36.156
25.915  23.883  15.834  21.094  12.575
15.549  19.259  33.673  12.439  15.405
15.276  16.412  21.931  19.339  35.885
13.017  17.879  19.982  28.767  13.531
26.409  32.286  30.288  11.172  19.258
17.338  19.827  24.624  17.600  12.944
25.003  28.327  17.156  24.537  16.182
20.904  17.448  27.777  24.694  31.902
33.412  33.108  22.343  17.883  27.760
23.888  22.308  19.083  11.949  20.007
17.641  16.154  28.896  20.385  14.926
19.332  29.775  33.070  22.212  18.178
19.924  12.237  30.253  31.709  25.200
30.397  14.144  34.998  23.164  12.138
24.904  15.505  33.215  19.305  31.124
35.538  33.553  15.876  18.712  32.430
29.550  14.679  26.906  15.099  35.650
24.802  12.126  34.923  22.784  28.060
35.790  27.651  18.927  31.409  19.230
18.815  28.303  12.271  11.735  14.231
14.408  16.497  16.026  28.187  27.225
34.777  35.131  18.234  16.953  13.405
19.150  20.611  19.003  23.686  14.120
35.575  31.121  25.414  11.368  29.116
12.805  16.395  29.226  23.338  20.533
27.746  24.704  24.408  23.219  15.202
15.584  19.160  23.660  15.241  13.379
31.571  34.543  16.207  26.328  11.921
30.506  19.229  20.997  17.732  33.859
25.181  24.550  19.130  27.624  28.559
20.249  35.339  21.217  11.118  17.663
29.395  21.195  26.849  12.007  20.188
15.457  12.634  27.074  17.385  12.820
22.338  33.443  14.499  13.346  22.754
20.909  25.015  30.590  19.385  22.920
13.808  32.718  24.740  33.333  34.926
14.385  20.524  15.712  15.527  28.288
18.172  25.769  25.040  35.251  29.001
18.352  33.246  22.337  16.000  17.404
32.434  34.208  18.865  32.843  27.546
13.389  19.890  24.174  34.352  27.949
21.648  14.414  28.515  26.776  16.723
19.296  16.933  35.451  20.734  14.392
11.453  19.043  34.205  33.332  22.297
19.210  17.042  27.015  34.217  10.981
29.033  25.965  31.691  33.194  34.785
25.789  14.581  26.569  31.197  30.612
13.431  28.165  18.423  31.063  20.746
19.403  17.641  19.628  34.763  23.439
31.820  14.131  28.271  31.227  25.252
31.567  34.312  34.316  22.773  24.358
12.476  25.316  15.715  27.006  20.662
20.331  29.426  11.525  29.173  32.759
26.360  18.333  23.016  21.125  33.910
25.768  34.951  34.704  26.501  24.080
32.833  21.468  19.754  31.714  34.627
25.497  12.576  21.777  19.783  21.086
21.755  30.345  11.135  25.787  25.278
29.305  14.273  25.198  32.917  17.949
13.776  17.436  12.775  25.068  23.464
29.282  32.470  26.880  28.695  29.652
18.493  32.928  11.176  14.552  15.194
29.786  31.126  14.726  34.192  30.736
30.626  13.729  19.322  32.800  36.029
23.991  29.466  27.662  29.889  35.874
12.275  31.907  19.355  21.859  22.220
33.415  15.931  24.342  21.295  22.146
28.664  36.190  19.008  14.604  11.683
29.766  28.552  22.521  30.570  29.900
21.159  22.816  17.756  31.853  25.795
18.483  14.775  30.234  28.316  34.267
33.821  14.343  18.287  11.807  31.132
13.610  34.729  20.824  33.409  10.732
30.928  11.579  34.594  21.451  27.274
33.135  17.892  24.247  20.699  22.130
28.260  29.249  30.356  22.525  24.784
34.161  11.760  27.569  25.267  31.339
